x<-3

y<-5

x
[1] 3

y
[1] 5
