x<-c(3,6,8)
y<-c(4,7,6)
z<-c(4,5,6)

X<-data.frame(x,y,z)
X
  x y z
1 3 4 4
2 6 7 5
3 8 6 6

X$x
[1] 3 6 8

X$y
[1] 4 7 6

X$z
[1] 4 5 6