x<-c(3,7,5)
x
3 7 5

y<-c(5,7,54,2,11,31,58)
y
5  7 54  2 11 31 58

y[1]
5

y[3]
54

y[2:5]
7 54  2 11

y[-1]
7 54  2 11 31 58

y[-6]
5  7 54  2 11 58

y[-2:-6]
5 58